163

36 3 122
22 4 115
135 5 101
147 7 85
25 8 200
11 15 61
85 16 103
20 18 170
128 22 145
126 24 168
37 27 95
123 32 79
131 34 55
49 35 130
81 36 101
61 37 62
97 39 94
114 41 103
17 42 194
89 44 192
103 46 134
4 47 73
60 48 98
46 50 83
139 51 119
57 53 113
56 56 163
75 61 53
155 63 100
106 64 118
108 67 80
66 70 94
17 18 29 45
36 32 38 48
57 48 21 33
75 77 65 11
61 79 68 24
20 144 60 2
49 50 13 30
66 54 11 15
57 41 63 6 27
37 42 77 65 23
75 74 77 65 1
85 83 58 41
85 84 10 49
89 87 45 35
61 92 127 0 3
147 148 12 30
57 59 59 21
103 105 59 59 21
106 105 59 59 20
46 40 72 17 21
66 92 127 0 8
61 94 129 30 1
17 44 148 12 6
20 9 8 54 21
20 18 29 11
49 30 26 39
11 150 31 9 38
89 150 31 9 4
60 63 6 28
57 5 0 63 6 11
126 5 0 63 6 4
66 69 14 50
81 83 58 38
66 92 121 2 15
155 92 121 2 3
61 94 92 121 2 24
61 94 142 43 1
155 21 71 142 43 4
135 140 144 60 12
135 140 148 12 2
22 149 1 39
89 150 159 28 4
11 1 30 26 9
17 44 154 30 26 32
56 54 11 6
49 55 54 11 25
61 94 92 105 59 59 5
75 73 72 17 21
126 5 7 73 72 17 10
81 84 10 30
56 87 45 30
61 94 90 87 45 3
97 2 100 99 25 4
37 42 43 3 100 99 25 1
106 107 20 38
61 94 92 121 120 31 6
123 122 124 69 2
155 129 30 28
57 41 137 40 6
147 145 144 60 7
106 148 12 10
20 9 109 149 1 2
57 8 54 2
128 1 30 26 5
56 53 54 11 15
66 67 49 35
155 21 71 77 65 7
75 76 71 77 65 1
75 76 74 77 65 10
126 5 7 73 74 77 65 2
20 79 68 18
61 94 90 98 23 10
135 140 104 107 20 14
37 42 33 120 31 1
126 124 69 6
128 127 0 13
135 137 40 9
139 137 40 39
135 136 137 40 20
106 148 144 60 4
66 9 109 149 1 12
49 55 158 19 14
36 35 50 13 13
75 76 72 17 5
57 16 90 98 23 6
126 125 91 120 31 11
57 33 120 31 5
97 2 142 43 23
37 42 43 3 100 149 1 12
17 44 154 157 33 2
114 44 154 157 33 4
126 5 7 150 159 28 9
66 41 150 159 28 3
46 45 66 35
36 35 50 51 71 2
11 14 52 54 11 1
57 33 58 52 15
66 68 67 49 12
66 68 69 14 9
139 138 72 17 19
37 42 78 62 7
97 129 30 16
128 93 134 57 31
128 38 134 57 6
114 112 95 149 1 6
155 157 33 8
46 40 51 71 16
57 58 52 3
75 159 28 24
108 91 3 31 9 7
46 40 65 55 2
81 84 83 58 11
66 68 93 134 57 2
147 144 60 24
97 2 48 21 15
66 47 48 21 10
89 42 78 62 23
57 16 90 99 25 4
128 1 101 99 25 19
56 52 54 11 2
126 5 0 40 65 55 15
114 112 95 69 14 1
20 79 80 157 33 13
75 159 158 19 17
126 5 7 73 71 59 59 1
123 122 83 58 7
17 101 99 25 5
57 16 90 54 11 8
46 41 65 55 10
37 39 69 14 13
20 90 54 11 1 
